I 0 97 851
I 1 36 1461
I 1 35 1315
I 3 68 1970
I 2 66 378
I 3 67 1650
I 3 20 994
I 2 93 1592
I 2 17 636
I 0 47 876
I 3 87 1938
I 0 74 383
I 3 80 1802
I 3 33 583
I 3 64 146
I 2 48 1231
I 3 56 1679
I 2 8 224
I 1 58 1161
I 0 75 1389
I 0 26 1022
I 0 3 349
I 2 98 1907
I 2 91 1424
I 3 81 1818
I 1 12 715
I 1 78 1849
I 2 6 618
I 1 13 1738
I 2 71 955
I 0 21 671
I 2 83 1878
I 1 69 425
I 0 77 493
I 2 43 1314
I 2 94 418
I 0 40 521
I 1 62 557
I 1 18 1800
I 1 5 1550
I 3 57 19
I 1 37 2010
I 3 27 825
I 2 96 125
I 0 25 1328
I 3 51 377
I 3 9 879
I 1 88 207
I 0 52 227
I 3 60 974
I 2 2 868
I 2 53 1113
I 1 41 1697
I 2 19 1941
I 0 34 1683
I 1 84 1894
I 0 49 783
I 0 82 1068
I 1 30 1037
I 3 4 359
I 2 7 1962
I 0 95 1287
I 3 31 1677
I 3 28 1806
I 3 79 1546
I 1 29 947
I 0 15 111
I 2 61 1448
I 3 50 23
I 3 16 1401
I 2 22 1810
I 0 10 1661
I 0 45 1372
I 2 65 32
I 1 39 907
I 1 55 1515
I 3 73 962
I 2 59 569
I 3 11 256
I 0 44 1053
I 2 70 320
I 0 1 1393
I 0 24 2016
I 1 54 440
I 3 89 1235
I 1 92 1852
I 0 14 1776
I 3 46 275
I 2 90 1380
I 1 63 419
I 1 23 769
I 1 76 788
I 2 0 1256
I 1 85 239
I 3 42 33
I 2 72 1148
I 0 86 1528
I 0 99 1928
I 1 38 1284
I 0 32 1298
B
D 3 25
D 0 24
M 2 11 505
D 3 94
D 2 21
D 2 40
D 0 55
M 0 6 1452
M 0 49 130
M 2 14 2030
D 0 51
M 2 48 1993
M 2 37 1447
M 2 15 1699
D 0 63
D 0 62
D 2 53
M 1 85 2021
M 0 82 1057
M 0 15 1785
M 0 11 210
M 0 25 1133
D 1 25
M 0 84 1019
M 2 97 386
M 1 37 445
M 0 21 1147
D 1 95
M 3 86 811
M 0 69 934
D 2 6
D 1 4
M 0 75 576
D 0 81
D 2 9
D 0 44
D 0 29
D 3 40
M 1 81 759
D 2 52
M 2 85 1018
D 0 2
M 0 13 1505
D 0 38
D 0 96
D 0 50
M 2 91 1285
M 2 57 431
D 2 74
M 0 31 1761
M 2 93 985
M 2 4 1700
D 2 43
M 2 49 1303
D 2 69
M 2 24 1031
D 2 62
M 2 0 416
M 0 9 630
D 0 64
M 2 27 1188
D 2 55
D 2 36
D 2 23
D 2 7
M 0 45 133
D 0 90
D 2 46
D 0 73
M 2 76 1261
M 0 40 1890
D 2 5
M 3 58 1533
D 0 19
D 1 51
M 1 6 1995
M 3 2 20
M 1 13 1875
M 3 51 971
M 1 61 1734
M 1 44 433
M 3 66 1746
M 1 87 577
M 2 74 1612
M 1 22 151
M 0 69 17
M 3 58 66
M 0 65 122
M 1 28 272
M 1 18 716
M 1 7 337
M 3 62 666
M 1 62 613
M 2 40 991
M 1 89 978
M 2 31 1169
M 2 73 924
M 0 33 1753
M 2 18 2010
M 1 16 457
M 3 56 995
M 1 30 404
M 0 9 1216
M 2 83 1985
M 1 63 1099
M 1 82 771
M 0 56 1959
M 2 52 1127
M 0 82 231
M 1 88 1625
M 3 84 779
M 1 48 1282
M 2 44 828
M 2 19 1945
M 1 98 887
M 1 69 401
M 0 36 1581
M 2 15 368
M 2 13 1384
M 0 83 1414
M 3 61 578
M 0 2 539
M 1 81 717
M 2 42 1413
M 2 94 1904
M 0 90 1463
L 3 411
L 3 2
L 2 68
L 1 61
L 2 90
L 2 31
L 2 43
L 3 121
L 1 85
L 2 8
L 3 56
L 0 0
L 2 53
L 3 93
L 1 64
L 3 30
L 2 42
L 3 99
L 1 80
L 1 70
L 1 22
L 1 7
L 2 20
L 2 54
L 3 73
L 0 79
L 0 21
L 2 393
L 2 16
L 3 37
L 1 33
L 3 198
L 0 11
L 0 282
L 2 56
L 2 3
L 2 99
L 1 166
L 2 405
L 1 38
L 3 69
L 2 58
L 0 256
L 3 8
L 2 26
L 3 45
L 2 19
L 3 43
L 2 333
L 0 367
L 1 99
L 2 128
L 2 36
L 1 26
L 2 82
L 1 5
L 3 24
L 3 32
L 3 232
L 2 57
L 0 44
L 1 40
L 3 66
L 2 48
L 0 345
L 3 64
L 2 455
L 2 96
L 0 408
L 3 384
L 2 37
L 1 32
L 2 22
L 3 98
L 3 176
L 3 491
L 3 53
L 2 78
L 0 14
L 2 41
L 3 39
L 2 79
L 2 76
L 3 16
L 3 320
L 2 89
L 0 88
L 2 425
L 3 31
L 2 11
L 1 94
L 1 34
L 3 75
L 2 124
L 2 7
L 3 35
L 0 258
L 3 84
L 3 7
L 2 85
L 0 54
L 0 81
L 3 317
L 3 40
L 2 404
L 2 23
L 2 93
L 0 485
L 3 11
L 2 86
L 0 71
L 3 12
L 1 39
L 1 89
L 1 8
L 2 64
L 3 20
L 1 66
L 0 24
L 3 42
L 3 34
L 2 2
L 3 79
L 3 6
L 1 51
L 3 21
